structure(list(X__type = "IsochroneResponse:http://schemas.microsoft.com/search/local/ws/rest/v1", 
    dataSourcesUsed = list(c(5L, 18L)), origin = structure(list(
        latitude = 35.636567, longitude = -88.831863), class = "data.frame", row.names = 1L), 
    polygons = list(structure(list(coordinates = list(structure(c(35.6192997778148, 
    35.6214210021315, 35.631008258405, 35.6309831240801, 35.632462401109, 
    35.6342321172039, 35.6353098569261, 35.6370835735068, 35.6384820606307, 
    35.63663394536, 35.6353653029522, 35.6348359505518, 35.6569666299312, 
    35.6586547582476, 35.658499069206, 35.6585322102768, 35.6589057301195, 
    35.6584995332656, 35.6584285212328, 35.6604430318216, 35.6620330458971, 
    35.662134494547, 35.6621374789218, 35.6634218594773, 35.6653462960987, 
    35.6659607295472, 35.663772020453, 35.6622597720899, 35.6640159463902, 
    35.6662594737505, 35.6673513131776, 35.6672821690616, 35.6673343988375, 
    35.6675529188284, 35.6683846283732, 35.6701672414932, 35.6701763532572, 
    35.6701738639584, 35.6713099409701, 35.671407763766, 35.6714886161975, 
    35.6757574393243, 35.6779766666855, 35.6786445528553, 35.6745224084874, 
    35.6737468529479, 35.6766472792487, 35.6776649051571, 35.675582690869, 
    35.6733448977365, 35.6716405361007, 35.6709854299652, 35.6710755431133, 
    35.6714498158026, 35.6717130573465, 35.6717130760701, 35.6717131112016, 
    35.6717190933565, 35.6717248780668, 35.671770822142, 35.6723615483365, 
    35.6737365177943, 35.6756280720154, 35.6769648108221, 35.6759573963264, 
    35.6761364470804, 35.6765917931831, 35.6768802959663, 35.6774920756366, 
    35.6783639732589, 35.6766827093866, 35.6739017033887, 35.6732995781244, 
    35.673294185435, 35.6724119614578, 35.6751896565019, 35.6758456853599, 
    35.6796085846377, 35.6796811689308, 35.6826741482465, 35.6848665353623, 
    35.6848759232467, 35.6851293304296, 35.6852363402996, 35.6863786092413, 
    35.6860216923491, 35.6868616289071, 35.6888626997405, 35.6890640473249, 
    35.6918365761192, 35.6941212415417, 35.694414206609, 35.6915139571943, 
    35.6998882025635, 35.7013507403987, 35.6995643125003, 35.6905096386898, 
    35.6892623493749, 35.690464254975, 35.6903325137208, 35.6881257930402, 
    35.6867420192643, 35.6863797799513, 35.6851345380059, 35.6847424800748, 
    35.6847255773303, 35.6830684190078, 35.6814482777013, 35.6814546160514, 
    35.6812585442035, 35.6806763172197, 35.6791645750638, 35.6801091712727, 
    35.6798029704136, 35.677777295726, 35.6755058532404, 35.6759278125321, 
    35.6758923555897, 35.6758965551922, 35.6742665275423, 35.6748780694727, 
    35.6760780896077, 35.6762444018566, 35.6764565334879, 35.6794283039177, 
    35.6800022132291, 35.6831450321228, 35.6831865265314, 35.6832857218857, 
    35.6851779941704, 35.6851047181813, 35.6853333621212, 35.6857257649541, 
    35.6854667794817, 35.685710096981, 35.6871351180314, 35.6854521820245, 
    35.6833858665234, 35.6838215445286, 35.6843320721493, 35.686542961591, 
    35.686421248391, 35.68717449451, 35.6894750872779, 35.6893797754965, 
    35.6894045689886, 35.6910177195235, 35.6950025312971, 35.6963989646841, 
    35.694732360014, 35.6946015823778, 35.6945067707062, 35.6961902344209, 
    35.6965859522232, 35.6995977404467, 35.6996560651212, 35.7001140966834, 
    35.7002391293387, 35.7019615471505, 35.703512145027, 35.70338868775, 
    35.7147652386462, 35.7168824777994, 35.718792508207, 35.7200223755216, 
    35.7198495902711, 35.7203299654768, 35.7207358240877, 35.717359473373, 
    35.7168015649756, 35.7173669228803, 35.7174028538407, 35.7212962530862, 
    35.7211320445697, 35.7230674542684, 35.7232634311118, 35.7233225098262, 
    35.7249218648112, 35.7265309030301, 35.7265323920162, 35.7338697086963, 
    35.7360325984333, 35.7353668893113, 35.7250137868422, 35.7248432359399, 
    35.7247746666284, 35.7197862321177, 35.7199014163561, 35.7306237863831, 
    35.7307905044311, 35.7318825143729, 35.7330498474855, 35.7335627318134, 
    35.7351300381301, 35.736796542807, 35.7376035590277, 35.7373417027776, 
    35.7449151441398, 35.7585397277497, 35.7599449630347, 35.7582476658696, 
    35.7476589220082, 35.7470353991015, 35.7439720472789, 35.7349926930803, 
    35.7196795799075, 35.7196604857675, 35.7221075455318, 35.7226069815109, 
    35.7224415211385, 35.7223086432864, 35.7213956976597, 35.7211819238752, 
    35.7209518745007, 35.7201063901755, 35.7196925582317, 35.7201603035016, 
    35.7186639430559, 35.7168942622679, 35.7164100348517, 35.7150774471801, 
    35.7138321762433, 35.7155359753782, 35.7163251610414, 35.7163636858507, 
    35.7090483443981, 35.7087419512918, 35.708669712018, 35.7039126561337, 
    35.7028463092071, 35.6999008700538, 35.6998475467855, 35.6995049008391, 
    35.6993552329376, 35.6996028504568, 35.6996105006043, 35.698899822372, 
    35.6991071682552, 35.6979938221159, 35.6968113677335, 35.696738370628, 
    35.699569010985, 35.7006032517069, 35.7026094411881, 35.7034290558342, 
    35.7027997759589, 35.7009877309829, 35.7001615647463, 35.7001627262796, 
    35.6974477204216, 35.6971313141818, 35.6971408500744, 35.6952964902602, 
    35.6947605343904, 35.6941064625823, 35.6933663067663, 35.7001718372793, 
    35.7012024125852, 35.7035001641637, 35.7041521665736, 35.7061376355615, 
    35.707130429979, 35.7069100649936, 35.7146381085579, 35.7155890030594, 
    35.7135263172962, 35.7066550356361, 35.7062640419946, 35.7032956377286, 
    35.7030542717786, 35.7029121860394, 35.7017546403185, 35.6996738970451, 
    35.6998457507821, 35.6996910858102, 35.6996789456936, 35.6997106956224, 
    35.6988615272192, 35.6984639669756, 35.6983405655037, 35.6957778363533, 
    35.6947329162776, 35.6923230459416, 35.6914945009309, 35.6794591825009, 
    35.6804868748492, 35.6808131639201, 35.6833908469666, 35.6850732064273, 
    35.6860227867477, 35.6893755182764, 35.6911462219637, 35.6890811851529, 
    35.6898883994779, 35.6923461983178, 35.6923688733616, 35.6941131157005, 
    35.6956391260453, 35.6955831439445, 35.6990348892029, 35.7003284001719, 
    35.6984172628618, 35.6946137791086, 35.6945139568456, 35.6927721427313, 
    35.6912433560068, 35.6913787569699, 35.6913603889389, 35.6908239431331, 
    35.6908224411695, 35.6908228474151, 35.6903816803231, 35.6885372483328, 
    35.68713408868, 35.6873258711765, 35.6868436449034, 35.6858988831908, 
    35.68753116601, 35.6877576773432, 35.6881644004308, 35.6862807976526, 
    35.6861996092402, 35.6827373832067, 35.6812776812381, 35.681211757739, 
    35.6822306306907, 35.683737171529, 35.6849022431156, 35.6828987972618, 
    35.682372301087, 35.6825006713976, 35.6849163842362, 35.6854144725972, 
    35.6831510695193, 35.6827256294544, 35.6827509538658, 35.6834120968775, 
    35.6925676412081, 35.6918310717203, 35.6896384236293, 35.6806225220141, 
    35.6804671004477, 35.6802652864191, 35.679847597141, 35.6796839384187, 
    35.6794927077107, 35.6790525661132, 35.677412410408, 35.6748841304619, 
    35.6745876255101, 35.6740945810741, 35.6740882520068, 35.6740882421836, 
    35.6740859402605, 35.6690167654429, 35.6677439273661, 35.6654329345551, 
    35.66525860734, 35.6665073912511, 35.6659928642981, 35.6657232572766, 
    35.6637342043675, 35.6625447403189, 35.6631365779831, 35.6616168228524, 
    35.6616119148965, 35.6607258555213, 35.6579169483649, 35.655974757589, 
    35.655976383176, 35.6559132794252, 35.6559018012751, 35.6557729026606, 
    35.6536593818218, 35.6527894496523, 35.6531253710146, 35.6514691821926, 
    35.6514634706491, 35.651462792127, 35.6514403117454, 35.6508705984631, 
    35.6507440029647, 35.6479443395241, 35.6479380787243, 35.6475604361633, 
    35.647130444707, 35.6492095089699, 35.6520837043479, 35.653763738488, 
    35.6554792068112, 35.6549890954829, 35.6545124823872, 35.6560181975783, 
